Polynomial degree 8

Errors (°):
Max: 0.5999629504567565
Mean: 0.015755935276098445

y = -9068.43636099927243776619434356689453125 + 14694.34485267007767106406390666961669921875*1 + 64090.78392808567150495946407318115234375*d_i_s_t_a_n_c_e + -6199.9768617436611748416908085346221923828125*v_e_l_o_c_i_t_y + 60897.3148569398690597154200077056884765625*d_i_s_t_a_n_c_e^2 + -49829.420792547767632640898227691650390625*d_i_s_t_a_n_c_e v_e_l_o_c_i_t_y + 2864.233529110113522619940340518951416015625*v_e_l_o_c_i_t_y^2 + 26900.94028057667674147523939609527587890625*d_i_s_t_a_n_c_e^3 + -40229.564287972010788507759571075439453125*d_i_s_t_a_n_c_e^2 v_e_l_o_c_i_t_y + 16543.0614900790897081606090068817138671875*d_i_s_t_a_n_c_e v_e_l_o_c_i_t_y^2 + -726.5554108729978679548366926610469818115234375*v_e_l_o_c_i_t_y^3 + 5866.8646613826340399100445210933685302734375*d_i_s_t_a_n_c_e^4 + -14445.655995710943898302502930164337158203125*d_i_s_t_a_n_c_e^3 v_e_l_o_c_i_t_y + 11003.33472763843019492924213409423828125*d_i_s_t_a_n_c_e^2 v_e_l_o_c_i_t_y^2 + -3038.66761366514992914744652807712554931640625*d_i_s_t_a_n_c_e v_e_l_o_c_i_t_y^3 + 111.8469457877491919362000771798193454742431640625*v_e_l_o_c_i_t_y^4 + 614.4808750925358253880403935909271240234375*d_i_s_t_a_n_c_e^5 + -2415.8257815634797225357033312320709228515625*d_i_s_t_a_n_c_e^4 v_e_l_o_c_i_t_y + 3071.787286595668774680234491825103759765625*d_i_s_t_a_n_c_e^3 v_e_l_o_c_i_t_y^2 + -1593.33803080588540979078970849514007568359375*d_i_s_t_a_n_c_e^2 v_e_l_o_c_i_t_y^3 + 333.251604811486686230637133121490478515625*d_i_s_t_a_n_c_e v_e_l_o_c_i_t_y^4 + -10.7675501602075929241664198343642055988311767578125*v_e_l_o_c_i_t_y^5 + 29.096322886871025303889837232418358325958251953125*d_i_s_t_a_n_c_e^6 + -180.4115265618969488059519790112972259521484375*d_i_s_t_a_n_c_e^5 v_e_l_o_c_i_t_y + 369.08087180688693251795484684407711029052734375*d_i_s_t_a_n_c_e^4 v_e_l_o_c_i_t_y^2 + -323.37729083619996117704431526362895965576171875*d_i_s_t_a_n_c_e^3 v_e_l_o_c_i_t_y^3 + 128.7669950770423383801244199275970458984375*d_i_s_t_a_n_c_e^2 v_e_l_o_c_i_t_y^4 + -21.80797637636779739978010184131562709808349609375*d_i_s_t_a_n_c_e v_e_l_o_c_i_t_y^5 + 0.63564977492895735622369102202355861663818359375*v_e_l_o_c_i_t_y^6 + 0.54043547832871385860897817110526375472545623779296875*d_i_s_t_a_n_c_e^7 + -5.3716490124545313022963455296121537685394287109375*d_i_s_t_a_n_c_e^6 v_e_l_o_c_i_t_y + 17.46155737002869301477403496392071247100830078125*d_i_s_t_a_n_c_e^5 v_e_l_o_c_i_t_y^2 + -24.79724654024179386624382459558546543121337890625*d_i_s_t_a_n_c_e^4 v_e_l_o_c_i_t_y^3 + 16.85477379818446053150182706303894519805908203125*d_i_s_t_a_n_c_e^3 v_e_l_o_c_i_t_y^4 + -5.504942857527993282928946428000926971435546875*d_i_s_t_a_n_c_e^2 v_e_l_o_c_i_t_y^5 + 0.7880871134588005588739179074764251708984375*d_i_s_t_a_n_c_e v_e_l_o_c_i_t_y^6 + -0.0210965244259568862617015838623046875*v_e_l_o_c_i_t_y^7 + 0.00431514820197576032256847611279226839542388916015625*d_i_s_t_a_n_c_e^8 + -0.049243747830581607871636151685379445552825927734375*d_i_s_t_a_n_c_e^7 v_e_l_o_c_i_t_y + 0.2471972173016201423934035119600594043731689453125*d_i_s_t_a_n_c_e^6 v_e_l_o_c_i_t_y^2 + -0.558201887310449507140219793654978275299072265625*d_i_s_t_a_n_c_e^5 v_e_l_o_c_i_t_y^3 + 0.6185514639466447306404006667435169219970703125*d_i_s_t_a_n_c_e^4 v_e_l_o_c_i_t_y^4 + -0.348023884502026703557930886745452880859375*d_i_s_t_a_n_c_e^3 v_e_l_o_c_i_t_y^5 + 0.09724584489185872371308505535125732421875*d_i_s_t_a_n_c_e^2 v_e_l_o_c_i_t_y^6 + -0.012127671298003406263887882232666015625*d_i_s_t_a_n_c_e v_e_l_o_c_i_t_y^7 + 0.0003019689829670824110507965087890625*v_e_l_o_c_i_t_y^8